1 39.448
2 70.032
3 98.616
4 124.912
5 147.92
6 170.64000000000001
7 194.88
8 214.368
9 236.664
10 251.52
11 271.172
12 294.624
13 305.604
14 329.11199999999997
15 345.12
16 366.048
17 371.688
18 393.552
19 405.916
20 427.28000000000003
21 446.544
22 444.84
23 465.05999999999995
24 485.28
25 493
26 512.72
27 532.4399999999999
28 548.52
29 538.7040000000001
30 557.28
31 575.856
32 594.432
33 596.508
34 614.5840000000001
35 632.66
36 650.736
37 665.112
38 643.416
39 660.3480000000001
40 677.2800000000001
41 694.2120000000001
42 711.1440000000001
43 728.0760000000001
44 745.008
45 739.44
46 755.8720000000001
47 772.3040000000001
48 788.7360000000001
49 800.268
50 815.1
51 779.688
52 794.976
53 810.264
54 825.552
55 840.84
56 856.128
57 871.416
58 886.7040000000001
59 901.992
60 887.28
61 902.068
62 916.856
63 931.644
64 946.432
65 961.22
66 976.008
67 984.096
68 996.7440000000001
69 941.436
70 955.08
71 968.724
72 982.368
73 996.0120000000001
74 1009.6560000000001
75 1023.3
76 1036.944
77 1050.588
78 1064.232
79 1077.876
80 1091.52
81 1105.164
82 1077.808
83 1090.952
84 1104.096
85 1117.24
86 1130.384
87 1143.528
88 1156.672
89 1169.816
90 1182.96
91 1196.104
92 1200.048
93 1213.092
94 1223.316
95 1140
96 1152
97 1164
98 1176
99 1188