0.01 1
0.01 1
0.01 1
0.01 1
0.01 1
0.01 1
0.01 1
0.01 1
0.01 1
0.01 1
0.01 1
0.01 1
0.02 2.3
0.02 2.3
0.02 2.3
0.03 3.99
0.03 3.99
0.03 3.99
0.03 3.99
0.03 3.99
0.03 3.99
0.04 6.187000000000001
0.04 6.187000000000001
0.04 6.187000000000001
0.04 6.187000000000001
0.065 9.865290000000003
0.07300000000000001 10.779901100000004
0.081 12.325593859000003
0.085 13.461342016700003
0.088 14.521791954000003
0.088 14.521791954000003
0.098 18.234721954000005
0.098 18.234721954000005
0.098 18.234721954000005
0.098 18.234721954000005
0.098 18.234721954000005
0.128 28.234721954000005
0.128 28.234721954000005
0.128 28.234721954000005
0.128 28.234721954000005
0.128 28.234721954000005
0.128 28.234721954000005
0.128 28.234721954000005
0.128 28.234721954000005
0.128 28.234721954000005
0.128 28.234721954000005
0.128 28.234721954000005
0.128 28.234721954000005
0.128 28.234721954000005
0.128 28.234721954000005
0.128 28.234721954000005
0.128 28.234721954000005
0.128 28.234721954000005
0.128 28.234721954000005
0.128 28.234721954000005
0.128 28.234721954000005
0.128 28.234721954000005
0.128 28.234721954000005
0.672 247.8561385402
0.672 247.8561385402
0.772 297.8561385402
0.772 297.8561385402
0.772 297.8561385402
0.772 297.8561385402
0.772 297.8561385402
0.772 297.8561385402
0.772 297.8561385402
1.316 583.3639801022599
1.416 648.3639801022599
1.416 648.3639801022599
1.416 648.3639801022599
1.416 648.3639801022599
1.416 648.3639801022599
1.96 1019.5241741329379
2.06 1104.0241741329378
2.06 1104.0241741329378
2.06 1104.0241741329378
2.06 1104.0241741329378
2.604 1586.5324263728191
2.704 1696.382426372819
2.704 1696.382426372819
2.704 1696.382426372819
3.348 2466.4481542846647
3.348 2466.4481542846647
3.348 2466.4481542846647
3.892 3281.887100570064
3.992 3467.5336005700638
3.992 3467.5336005700638
3.992 3467.5336005700638
4.636 4768.944680741083
4.636 4768.944680741083
4.636 4768.944680741083
5.18 6147.0364999634085
5.28 6460.779084963408
5.28 6460.779084963408
5.824 8252.298449952432
5.9239999999999995 8660.163810452432
5.9239999999999995 8660.163810452432
6.468 10989.138984938161
6.568 11519.363953588161
6.568 11519.363953588161
7.068 14276.533790568163
7.068 14276.533790568163
7.068 14276.533790568163
8.112 19547.031680419615
8.212 20236.324139664615
8.712 23820.644927738616
8.712 23820.644927738616
8.712 23820.644927738616
9.856 31568.372381564004
9.856 31568.372381564004
10.356 36227.98940606021
10.356 36227.98940606021
11.5 46300.03509603321
11.5 46300.03509603321
12 52357.53722787827
12 52357.53722787827
13.144 65451.19662484316
13.644 73325.94939624175
13.644 73325.94939624175
14.788 90347.7066122961
15.288 100584.88521511425
15.288 100584.88521511425
16.432000000000002 122713.16959598493
16.432000000000002 122713.16959598493
16.932000000000002 136021.50177964853
17.976 161461.18842886455
18.076 164788.27147478046
18.576 182089.10331354314
19.62 215160.69595752392
19.72 219485.9039172146
20.22 241976.98530760608
21.364 290592.826092379
21.864 319831.2318998879
21.864 319831.2318998879
23.008 383031.8249200926
23.508 421041.7524698542
23.508 421041.7524698542
24.652 503202.52339612035
25.152 552615.4292108105
25.152 552615.4292108105
26.296 659424.4314149565
26.796 723661.2089740536
26.796 723661.2089740536
27.94 862512.9118394434
28.44 946020.7226662696
28.44 946020.7226662696
29.484 1105650.9836845698
29.584 1126527.9363912763
29.584 1126527.9363912763
30.084 1235088.0904661505
30.084 1235088.0904661505
30.084 1235088.0904661505
31.228 1469747.4683086595
31.228 1469747.4683086595
31.728 1610875.6686059958
31.728 1610875.6686059958
31.728 1610875.6686059958
32.772 1880650.8097269235
32.872 1915932.8598012575
32.872 1915932.8598012575
33.372 2099399.5201877947
33.372 2099399.5201877947
33.372 2099399.5201877947
34.516 2495973.868741635
34.516 2495973.868741635
35.016 2734480.5272441334
35.016 2734480.5272441334
35.016 2734480.5272441334
36.06 3190400.5157385007
36.16 3250027.1803641254
36.66 3560085.8364173737
36.66 3560085.8364173737
36.66 3560085.8364173737
37.674 4132628.0088165905
37.804 4230296.485473364
37.804 4230296.485473364
38.304 4633372.738342586
38.304 4633372.738342586
38.304 4633372.738342586
39.448 5504646.582115372
39.448 5504646.582115372
39.948 6028645.710845361
39.948 6028645.710845361
39.948 6028645.710845361
40.992000000000004 7030301.925567486
41.092 7161301.707749983
41.092 7161301.707749983
41.592 7842500.575098969
41.592 7842500.575098969
41.592 7842500.575098969
42.736000000000004 9314953.371074975
42.736000000000004 9314953.371074975
